40 30 420
40 13 398
13 34 893
13 30 789
30 34 1648
34 31 1157
34 23 792
34 12 871
34 21 845
34 5 679
34 43 759
34 16 1642
12 21 284
21 5 402
21 23 258
31 23 395
23 5 170
5 43 438
31 5 476
16 1 171
16 42 1027
42 1 995
42 17 820
42 8 522
17 2 496
17 29 484
8 29 174
29 2 151
29 36 320
20 36 261
20 29 64
20 2 157
20 27 139
27 2 132
27 36 281
27 7 172
36 7 199
36 9 369
36 18 318
36 33 449
36 8 328
8 33 295
7 9 288
18 9 301
18 33 642
18 38 380
18 43 904
18 37 162
18 4 215
33 25 358
33 43 748
43 37 1007
43 25 400
43 31 693
31 37 532
31 10 519
31 15 518
10 37 288
10 4 251
10 15 280
15 11 359
15 4 523
15 24 602
15 6 651
15 28 574
15 14 880
15 41 751
4 37 55
4 22 528
4 41 686
4 19 765
4 38 280
38 9 118
38 19 487
19 35 222
19 44 3
19 41 688
19 14 1105
41 22 159
41 14 436
14 26 693
14 3 706
14 39 1054
39 3 1054
39 32 505
6 24 193
6 14 265
6 28 173
9 27 454
24 14 290
8 17 526
46 45 464