44 91
40 30
40 13
13 34
13 30
30 34
34 31
34 23
34 12
34 21
34 5
34 43
34 16
12 21
21 5
21 23
31 23
23 5
5 43
31 5
16 1
16 42
42 1
42 17
42 8
17 2
17 29
8 29
29 2
29 36
20 36
20 29
20 2
20 27
27 2
27 36
27 7
36 7
36 9
36 18
36 33
36 8
8 33
7 9
18 9
18 33
18 38
18 43
18 37
18 4
33 25
33 43
43 37
43 25
43 31
31 37
31 10
31 15
10 37
10 4
10 15
15 11
15 4
15 24
15 6
15 28
15 14
15 41
4 37
4 22
4 41
4 19
4 38
38 9
38 19
19 35
19 44
19 41
19 14
41 22
41 14
14 26
14 3
14 39
39 3
39 32
6 24
6 14
6 28
9 27
24 14
8 17